Distancia_km	Tiempo_Procesamiento_hrs	Numero_Paradas	Capacidad_Utilizada	Prioridad	Entrega_A_Tiempo
624.3561663863075	9.701247655415123	3	0.8295568822347632	2	0
1431.0000289738825	26.469344526782834	2	0.5544466569905195	1	0
1124.791518535967	42.02845428619119	3	0.8182693233766771	1	0
938.1218778758513	35.414569661249374	1	0.7491180002496365	3	0
318.4260966194111	38.90837394948814	1	0.7033370349992916	1	0
318.3923284706837	31.962818235403716	0	0.9765100105894495	3	0
181.31705703547925	33.53699853233907	4	0.7612698583660267	1	0
1312.6466040849093	40.91219562357001	3	0.6095587397349692	2	0
941.5610164404924	12.73439641638174	0	0.7294817396886493	1	0
1091.3016089144637	24.0029732912276	4	0.9596937022863363	1	0
128.81829201412341	11.396843765521304	3	0.5880477356652973	1	0
1457.873793026792	47.42039637584241	2	0.6069785193441184	3	0
1265.4196971205904	45.370788965270826	3	0.5065147838785419	2	0
397.2747549495866	2.8530601343197772	1	0.5070950246978836	1	0
354.5549540899409	34.16203310823736	1	0.9146958134792562	3	0
356.76631379480733	44.48667091853629	2	0.8660613034214779	2	0
525.9391401433528	9.487041220984676	0	0.6775205282259791	3	1
834.6590042851329	27.693425835973585	4	0.8491555786137863	3	0
704.7230260989621	44.027949986637964	3	0.6976029631549852	2	0
507.72079627725867	2.5954609935325457	1	0.9764483979989138	1	0
956.5940526113312	33.778752560601475	0	0.9835263407130175	3	0
295.2914049128586	14.975403346509886	2	0.6963968879046717	3	0
509.0025079493054	44.44662118269693	1	0.927110953170434	1	0
612.9065806111684	46.639737522772286	2	0.886544520848733	1	0
738.4979779038503	45.380524988331395	3	0.6549999685858947	2	0
1199.246345950219	23.288068182900798	4	0.6160199144505529	2	0
379.5432950217036	41.51600459649773	1	0.7291173251964169	2	0
819.9282137790563	40.69382173114831	1	0.8906744203072031	1	0
929.3803964068594	15.997722242433015	3	0.9800838923643727	3	0
165.03057780799682	39.95902728508184	0	0.8817895344332862	3	0
950.5627926620137	2.739358831628153	4	0.927603492509185	2	0
338.73377316220814	29.02468428865649	1	0.8015321530852583	1	0
191.07223017939134	11.810415352522043	4	0.9177039154210629	3	0
1428.4397521546666	6.666643631532104	1	0.8922104290017088	2	0
1451.884846304383	4.6168004765728305	4	0.6884927709631401	3	0
1231.7562873630457	33.72557246627257	2	0.7759951510603605	3	0
526.459276842719	16.97412329709911	1	0.9023765609948474	1	0
236.74095960893743	35.06403826185179	4	0.5230283670949782	1	0
1057.9262371170198	4.071748017550291	0	0.904039641177915	3	0
716.2134912354418	15.818645878038685	2	0.5889440620245117	2	0
270.8535287826903	26.35609074164085	2	0.7573418085607195	1	0
793.2476741557782	38.16398874743129	0	0.9041377197779688	3	0
148.14392956130575	15.981367637807287	4	0.6269105390783474	1	0
1373.0485629102948	30.416894692539426	3	0.6229037196530764	1	0
462.2919742400237	42.640954167100794	0	0.701382199231126	1	0
1027.5311980955748	29.945569844568315	4	0.9473213987888173	3	0
536.3955065251753	11.949095313420788	0	0.5002213907186039	2	1
828.0952296489352	2.146836733157287	0	0.9506915483209675	2	0
865.3943910805915	41.894647073343705	1	0.576903512320804	2	0
358.79623773573786	1.9996623099681954	4	0.995043188033741	1	0
1457.418478870382	42.110978616157375	3	0.9774234965192341	3	0
1185.1859527055603	25.860045299278962	1	0.7473375947956417	1	0
1415.2985181898648	45.13618183010612	0	0.756360123906314	2	0
1352.7582905987083	38.54281208136227	0	0.7407746701379272	2	0
937.0599703355192	47.90290319506686	0	0.8177218228297614	3	0
1390.6239290323635	17.483455326230377	4	0.5453608511174655	1	0
223.8895028726873	37.057849579762966	4	0.5163089741707833	2	0
374.3760073868033	19.890752939634382	1	0.5288514642079494	3	1
163.3182044747533	23.554154154283715	3	0.7221826746207571	1	0
555.4624630685701	30.492756771263394	1	0.6377739696097418	1	0
644.1482055652748	42.06282436675792	2	0.8110197811854969	2	0
479.8886444834543	47.25192305236687	0	0.9962211446873894	2	0
1260.232512812701	37.10885045163236	0	0.693161586538233	1	0
599.454657371025	20.63503876186469	0	0.7869206270522566	1	0
493.30831356233307	20.803779107022297	1	0.7078019479536677	2	0
859.7745164215479	35.6663681746779	1	0.9236358338609296	1	0
297.2939149646677	12.222525851110209	0	0.951118201731119	2	0
1223.0757730556556	6.192283317175549	1	0.93867780610263	1	0
204.37090115167916	17.667241409116496	4	0.9871861193396287	2	0
1481.6417112407241	14.500232607741841	4	0.5137595925702076	3	0
1181.1426770153205	14.926481661431534	1	0.9199080810727656	2	0
378.2019541478414	11.979564299345768	0	0.8758860865195466	2	0
107.73096397304336	2.9783799129090083	1	0.6143472047001823	3	1
1241.6459998367677	1.840074932470449	1	0.9781600466937638	1	0
1089.600281386664	47.422952317593484	1	0.5740889641149727	3	0
1120.6100352573822	21.10533728558553	2	0.8397749635669542	2	0
1179.778485360324	19.06335241650504	4	0.6124451084079563	1	0
203.6625124277265	32.94342228657428	3	0.7156903243870374	3	0
601.8520199619817	11.257932729658016	3	0.8595799484722845	1	0
262.2166833351816	45.648175645660594	2	0.7816623210165233	1	0
1308.344796225831	37.958215677530944	1	0.7137509156640558	3	0
972.6173775585811	5.202317108676197	2	0.6631692154659936	1	0
563.2572347937089	20.626296461891634	2	0.9198298278543952	3	0
188.98169040043308	42.31856045542174	0	0.5719071751574069	2	0
535.3752504019271	45.402405047696284	4	0.7150514382649	1	0
555.2566508374459	22.96787102874388	3	0.951878785887571	2	0
1121.4486496732898	29.83033529290326	1	0.9229247752299838	2	0
992.5804598972984	8.850595466327537	3	0.7004708812365233	1	0
1342.0978396068572	47.5849254284379	3	0.8815541818006541	3	0
761.100895226729	11.888569965021839	4	0.9115804153544296	1	0
267.43194431362235	45.30839338435091	3	0.9444437120018149	2	0
1098.542702112193	31.533392502641316	3	0.7722528845246139	2	0
1165.0990680636564	29.56362935930638	2	0.602230443027356	3	0
885.7880765972948	25.096360017775904	4	0.6276545382519658	1	0
1179.3540519363853	11.841481150734658	0	0.6478473370208021	2	0
791.3138349101471	9.296817504258888	1	0.7969012404048077	2	0
831.8259611347917	11.362851826298241	3	0.5164048120643042	2	0
698.5574257019695	9.762598320779963	1	0.8180212343899842	3	0
135.58677744173326	37.6404702576374	0	0.682177119214116	2	0
251.04799779062623	17.455887180836314	1	0.6476209012448211	2	0
144.00085996142795	3.7186057984796292	0	0.9397482853640632	1	0
990.9745757692925	46.54782361661813	2	0.7300011977903995	1	0
540.0983735068573	42.53793659328101	3	0.5475265227663464	2	0
811.9989676305839	44.60435731017501	0	0.9133733840131235	2	0
1370.5930634965302	47.76066766438246	1	0.5238206287182533	1	0
449.00912080842494	9.173076713315902	3	0.8633746120840984	3	0
674.5360922498817	19.623374888424962	2	0.8869531108853326	3	0
1157.771593960268	36.637208358092295	3	0.6763013029644291	3	0
420.3174316882714	33.71296904852824	0	0.9123939281388933	3	0
207.7718737603102	8.233107597973188	2	0.7578297029282267	3	1
505.6520340792752	39.34415687455903	1	0.7316468266363985	3	0
325.7098021556062	11.54870687632305	2	0.5227016407343463	3	1
1401.5767132796022	11.519427896663284	2	0.645014596824453	3	0
1231.3685313901838	26.237797875990438	4	0.9655049854426498	1	0
986.7652591145928	28.868176937560047	2	0.69591198164175	3	0
1320.0448262628047	28.264051768377126	2	0.7733502602783842	3	0
1225.1409076587602	5.299881357694479	3	0.7660108394921259	3	0
361.19808244045015	42.240660543627875	1	0.7952155449113467	2	0
1349.5825978859689	13.483202001669184	3	0.5306654778216413	1	0
855.079138681911	7.087201300291796	3	0.6810881273993641	1	0
1230.4162172296876	42.77115975384193	0	0.8615641369412771	1	0
1354.5278198928904	45.91562041679841	3	0.6002801255364915	3	0
545.2048649606095	41.519998011476176	4	0.6017891887731802	3	0
254.07269433874745	39.04725551206927	4	0.5050453033445124	2	0
419.1092275587184	31.79637309003402	0	0.7187409633041049	1	0
697.9509040767589	26.890296418629546	1	0.941367190336711	3	0
1245.2206722914905	5.088377715836277	1	0.5259504717936545	1	0
1305.0228165588808	20.19730101432284	3	0.5955593547480014	2	0
109.73298274366698	18.516360299578757	3	0.6550422691713775	2	0
815.0462236085921	13.208427836735332	3	0.8658623682821065	2	0
684.3754044082906	35.00074534336349	1	0.8203177964012933	1	0
410.9509346590223	24.30615954870223	2	0.7079719522909276	3	0
267.8115142671559	4.809172147659453	4	0.8795344696291878	3	0
572.6612399650792	11.348610491641132	2	0.804815505828451	2	0
1420.0735854775269	33.11316189200101	2	0.9480203998286095	3	0
552.4841048290573	4.578150396044109	1	0.9090133745693465	2	0
826.3068704407125	41.006724960292125	2	0.6264068030446003	1	0
1084.2265424532488	24.271886769656792	0	0.6357192888171002	2	0
609.0814433310115	23.587569134352457	3	0.5626782378961928	1	0
1460.494915809345	28.843165878997326	0	0.6684823628587282	2	0
1447.4262129189558	39.76000539848201	4	0.9997719593595471	3	0
452.4952141555098	17.34703277140307	3	0.7028755843075305	3	0
796.1479082493396	32.866759170275984	2	0.6102442173445533	2	0
521.2296337434775	27.58940230780218	4	0.8812414422377766	3	0
498.77669212845467	13.550328697962803	3	0.771235501731328	3	0
151.64172629634592	42.295609358692424	2	0.5748007247634763	3	0
953.3900675718555	38.47902301552562	0	0.6903448405804329	1	0
803.750632520406	31.947236228945997	3	0.7072348577696717	3	0
172.0702517499851	40.97734126742937	2	0.8769148502846094	1	0
490.105049931256	41.76282744511071	0	0.5103356844459522	2	0
1371.5722403533152	34.29305990560663	4	0.6345098233991553	3	0
435.38664693376137	40.33962643309258	4	0.758798150657761	3	0
302.85282092771234	33.78115869845633	4	0.6344233712264217	3	0
785.2338643885882	32.966616272734115	4	0.8142170237094994	2	0
1479.910635754841	30.07473477611366	1	0.7409337396373084	1	0
438.8773801161006	36.377682059209135	3	0.6808551274297903	1	0
1040.98976636823	8.454439948774464	3	0.9746043134352561	3	0
1166.2674614602047	42.40092568234964	1	0.8160797495932287	2	0
432.6925615893595	41.97664580402591	2	0.5649706861339706	2	0
1119.5028880566033	2.37462230262428	2	0.7800458487216977	2	0
614.8963858069545	39.81338727654384	4	0.8903659266004504	2	0
985.2281628310112	7.056883771251925	0	0.8542448487463987	2	0
986.9415950652526	16.75058615017967	2	0.5860446146476297	1	0
850.0845577046618	35.94488804570557	0	0.9862099995200517	1	0
226.40567807617163	8.555715114270486	3	0.7244068228733029	1	0
1269.423493824933	39.44445013359592	0	0.5795125018701306	3	0
549.0920909604301	40.11030636401387	3	0.5900978770640739	2	0
361.12591455979594	24.8509834867593	1	0.5491174960945402	3	1
157.08519817666948	1.3001359706911781	1	0.9017590542174672	2	0
927.2501204635386	14.4907922592209	4	0.5610152471609243	1	0
1048.5901065791954	29.995565163659883	2	0.5625626285708735	3	0
123.22296049899862	47.1157503672889	4	0.9252358073804188	1	0
816.9302816189934	30.695235769783412	3	0.6723020422237798	2	0
417.09408527711315	13.21076831001551	4	0.5154289521540363	2	0
1003.2419065732298	30.798268045681734	0	0.5259476497592055	2	0
344.113000606988	26.379312846645206	3	0.5710852233519478	1	0
1067.3128333434524	37.65273357210375	1	0.6066966739878448	2	0
641.4294848207524	6.028090024867045	2	0.8325730971192027	1	0
1411.4219842314283	36.768311417595314	3	0.5786631400009141	3	0
292.5293218043905	26.439529197777183	3	0.559437195588536	2	0
577.4928914703619	46.26062418137275	0	0.8823595707381395	2	0
258.8629297368247	17.067991803818245	2	0.8355276419299572	2	0
1394.571065589988	30.73322897729556	1	0.7176621107276181	3	0
1328.2750947333734	44.805320958970825	3	0.7746548857400519	2	0
461.11827880121785	5.8179572155619255	3	0.6559920101632093	1	0
1023.9776644478507	45.049738900113205	0	0.7412502101176803	1	0
1244.1110802817022	33.33062894813823	4	0.7533363244913729	2	0
877.2811362392473	4.18834177794308	1	0.6936186355890479	2	0
841.510809698409	15.145287646500364	2	0.9532861053360814	3	0
438.59320726063237	34.28408816632823	3	0.508030932490503	3	0
230.34387492825888	4.16547826903227	3	0.891085631545623	3	0
1356.1020611346576	28.362011628284844	1	0.5621914156206622	2	0
1360.5852800286627	17.256503676788967	4	0.8987736802685997	3	0
986.3420401825751	30.183029335071424	3	0.8079559578383606	3	0
574.6417074681809	3.149875589188104	1	0.9216390454682012	1	0
588.8934044577252	41.962229889161684	0	0.5487571628204487	3	0
1116.3379504183351	46.75398155133765	4	0.779490317049887	1	0
1355.954363933608	46.5372591984275	2	0.7505439401310985	1	0
1341.9209939711643	36.23363609191746	3	0.8530965914816793	3	0
1191.8257642006733	7.114053286139702	1	0.7671452759468379	1	0
998.8443046160029	36.638370208664064	0	0.770367283566552	2	0
217.79595099306835	2.155585073563671	2	0.7147979717880324	2	0
326.28019973245927	2.039806921862871	1	0.6544172120036704	3	1
1357.9758639379108	16.209680300028438	1	0.7411321806260961	2	0
949.0006835234259	23.96622994901929	2	0.5592461793842003	1	0
112.87587226328151	37.20914863696628	0	0.9807566694915424	2	0
242.06016001244495	33.114882700505746	0	0.8572053818132992	3	0
1028.902476751278	21.957427199707173	4	0.9762335583439234	3	0
107.08621738470616	13.860453315238296	3	0.6133636911649816	1	0
325.1312719844981	47.864851507412425	2	0.9396705100882641	3	0
868.2273051132206	21.03052120509073	2	0.9043949922817692	2	0
1068.6532767697704	22.21519014349475	2	0.8385762062288369	3	0
1012.7457633036407	8.690319596008452	0	0.8125145930426029	1	0
413.9770332447837	38.35604879124668	3	0.6582748326339349	3	0
1097.0509098865502	33.60306461172996	4	0.9082053924825153	2	0
432.1487224955201	11.376171801071738	1	0.750757730739867	1	0
555.5595774229748	4.871909143944607	1	0.5354457879456427	2	1
1145.0879671652337	32.983467197511516	2	0.656431580427565	1	0
1009.4860586661006	31.762027071213357	3	0.9676485492726639	3	0
1288.912774691849	13.843197768915838	0	0.9253401303024231	1	0
1020.6580492204807	45.69058742576929	3	0.9909528490382695	1	0
895.6320446696602	8.09972091370231	3	0.8139966913020491	3	0
231.14467495932948	21.31973564900229	0	0.623755036570206	2	0
614.8021242832069	45.349948247877144	2	0.5814075248384318	3	0
471.28331475441564	20.727183895527748	3	0.5934572203042308	1	0
441.585500730717	31.01071954021202	1	0.5098978291736271	3	0
1462.2147766534238	19.68693670425133	0	0.6953410554929695	1	0
650.3368145334646	13.888114510387492	4	0.5957138402497713	3	0
1348.8651772479586	47.24694945411193	2	0.7058277302283512	3	0
983.594076396168	20.238698296807023	0	0.9674972159193826	2	0
1212.7358249583078	43.022662572919316	4	0.715270104753595	1	0
803.6919303472689	11.80786647688105	4	0.9389922484924174	2	0
907.6654384769028	11.015921089178915	3	0.8027523833079382	1	0
789.5247713464095	2.463301895572034	3	0.623565777330696	3	0
373.3401829172623	31.6283407926666	3	0.6779273796296057	1	0
1111.4329613661075	18.320738155016773	0	0.5419597679107147	2	0
493.0813074171981	41.624837742462944	0	0.6667312967980052	2	0
134.04235300403536	23.240865614503186	2	0.8387704727517671	2	0
1003.661214270035	46.50509111199192	3	0.5360555464647176	1	0
347.95495116986854	9.719699238046694	4	0.6027007042390147	2	0
1416.64201809408	41.82528889391371	1	0.6907205207066558	2	0
1435.5000078036223	37.50005208121186	2	0.9910247685079813	2	0
1380.810146308628	37.233326698270446	0	0.8924309114794401	3	0
618.2221803576222	40.70481172149372	2	0.8667433732460519	3	0
121.6392631404144	36.76812757432095	2	0.558095478262723	1	0
1399.6459876228155	30.432355116676522	2	0.8904979468074957	1	0
699.45780764424	7.168509251072216	2	0.8926344057580076	2	0
1453.3167466611374	2.52873043608884	1	0.8005513478121642	3	0
1449.067967924954	44.279848847337284	3	0.9951808909991859	2	0
1294.213237654304	29.98256478247469	4	0.6626269529622759	2	0
512.22844889742	38.43725267588029	2	0.9706362241209259	3	0
639.1368200426954	23.631550521089853	2	0.9573655574782518	3	0
1291.5913401235996	6.51348488123254	2	0.505740329874689	3	0
543.6908072187887	6.88373223351987	3	0.7250582632374055	1	0
337.2898453605295	33.22156849976165	0	0.9885521165257867	1	0
879.5217674416903	21.224377060274747	0	0.5515606812040379	2	0
1410.6166838250933	10.424662154915826	1	0.7738923471916597	1	0
1074.4417153449622	24.104943696847535	0	0.989478753520552	3	0
898.0856381251109	4.0178200425313015	2	0.7777477120529301	3	0
236.04709127907594	28.35265588997674	2	0.594907651486078	1	0
961.0101173788377	13.642690008449591	2	0.7910916150462949	2	0
1486.0753901459686	38.485277729947846	1	0.6022202869747735	2	0
296.11762133113365	15.587012069407967	2	0.7598521314472422	1	0
825.6615133092314	22.395347006844656	0	0.537021108956174	2	0
1328.3223006991377	1.5461653756807299	3	0.8027413346072023	2	0
1137.0760648558862	4.405003726344267	3	0.758394969564079	2	0
1075.822037393375	19.447197151114185	4	0.8700806843807316	3	0
1083.4777175819531	23.557125231704806	0	0.8153502355793925	3	0
603.2876117076572	29.200965761607275	2	0.7748031342653783	1	0
511.0285819702907	14.708141199337252	3	0.8448894246240606	3	0
1233.105617669919	33.6641486479475	0	0.5719709567861154	2	0
1234.158752550853	41.42575266789262	3	0.797679830629302	3	0
1313.901246012145	37.65299647798744	2	0.5860553014113888	1	0
1378.5367735790599	2.862084791372786	3	0.9627611039259405	3	0
815.8793584053129	23.58382652111796	4	0.5341670524228022	2	0
802.1228125620794	5.931718385654219	4	0.7151873748453966	2	0
1217.6132505534852	12.37611574553879	3	0.8478987388277224	1	0
1009.9495030888712	47.37314188355588	0	0.7290111058341293	3	0
1082.7536281607847	7.697290516371122	0	0.5460476266164511	3	1
1214.1097372105414	24.447743212213734	0	0.7766895080633537	3	0
1346.007478544593	30.053319512951596	3	0.8208159544136773	2	0
573.1932195921502	34.01585361557289	0	0.8518961554952538	1	0
625.8161336959216	27.303488123884964	2	0.6866299072313795	3	0
231.5747157772166	1.4592298287016319	4	0.7818299855143811	2	0
909.5921973946436	16.34368148746762	2	0.7253432374694566	2	0
150.31918331543892	25.332447239081436	0	0.8360280193761267	2	0
751.8372253854442	5.129725459807168	2	0.7917784836624093	3	0
859.7024885906072	17.479465766831495	0	0.7628781097795674	3	0
501.1577529795982	2.5605461131942286	3	0.6247621834191244	3	0
927.166564796615	4.693189366285975	2	0.501009258874117	3	0
142.7003499146692	19.655393981475015	3	0.5870408376557146	3	0
152.2874642489002	7.237640440023837	3	0.5585330207120843	3	1
1251.6407849235216	27.67441986829323	1	0.7245423725054734	3	0
604.2668979757681	33.40485354945149	0	0.8061290753809223	3	0
277.8847177126387	38.62757485812689	4	0.6065425043424041	3	0
831.1405640767262	10.407061479506075	0	0.9695285479835936	2	0
1177.9909743380551	8.87168136617628	4	0.5033410646119438	3	0
402.14943849558045	5.9146884957168115	0	0.8861505075826714	1	0
972.0466661466004	30.912221728550925	3	0.8126023847652211	2	0
219.4864509912752	34.20435914488436	2	0.686777400523841	3	0
172.35440963605078	2.4845488068051758	2	0.525244472206204	1	0
843.8964841954072	45.00197557345342	1	0.8137432858921396	3	0
856.8891702541491	3.442650331619203	4	0.692806756432824	1	0
992.4018620974891	26.440927759150313	4	0.9681335697066096	1	0
1116.527867211726	34.32584441419307	4	0.770995037444883	1	0
1466.1929112475484	41.935548816066024	3	0.9698257556467541	1	0
822.8204876216735	34.562085810224104	4	0.610241846736652	2	0
552.1390621177443	38.68121990428021	2	0.8628629551820517	2	0
1213.260672676185	16.954159049511887	3	0.8086245104243628	1	0
479.16515176690393	39.296780346086074	0	0.8697041149156559	3	0
714.5599889878905	4.765397780079732	4	0.6073339319862684	1	0
209.83893387917234	43.0563828348448	4	0.8324972581188869	2	0
135.49104078164052	26.736841679225602	0	0.7490201965284344	3	1
1447.707780549095	39.412995188237204	4	0.8714124874531581	2	0
1270.3721687170882	22.258959372360106	0	0.6635223220759089	2	0
1074.363888531177	31.248151674236674	3	0.9450285127326263	3	0
672.5341221799779	25.74092506399732	2	0.5421506573056751	1	0
342.6120480991841	35.3847075225006	0	0.903594659395594	1	0
319.01185973952045	4.83660915543771	1	0.9306598129075454	1	0
450.34005743043343	3.8365479475564985	0	0.9086261556834105	1	0
868.9173305885687	12.613851998476882	4	0.756363197130888	3	0
1100.4342917800873	8.498599965319851	3	0.7191924900153807	3	0
1024.2763274048239	41.97382762983348	3	0.9981311432624385	3	0
491.90745572431996	11.303057405828083	0	0.6145859756070811	2	1
1436.8113929284718	46.86566702349917	2	0.7734379829380222	3	0
1133.055683374076	16.83410221324202	1	0.8353377626911628	1	0
876.0956735159609	9.559542037368866	3	0.850433817930716	2	0
956.4090447280931	38.115829835696516	4	0.6020123328692893	1	0
687.4400873989059	31.959265448541178	4	0.8269970461699006	1	0
446.8233853016204	24.41519867329753	2	0.9091847832406686	3	0
598.3617501117662	27.10208689406867	3	0.5250092884105562	3	0
1160.9845546501167	34.8024835787964	0	0.9557606466626583	1	0
120.15088408165822	11.737372842571041	4	0.514752027572603	1	0
262.50169670968273	47.82769405466687	2	0.6779855162441972	2	0
164.40369883045383	46.81527862089881	3	0.507906598116481	3	0
157.02032324655818	31.565307258306035	3	0.5385725842697909	2	0
1297.6448176154101	10.37849519366982	3	0.9555841425900395	2	0
1085.1210031320331	32.970727394270696	3	0.6774304153730739	2	0
763.8433607222553	4.393325222021264	3	0.7123857652125265	1	0
236.96782491140206	2.440667603672885	4	0.6076721906912763	2	0
788.2622251635653	13.111095760027043	2	0.7985478850933598	2	0
762.8604790927919	22.743278966747866	3	0.7974016073388948	1	0
342.48261787402123	41.808807754193886	1	0.6861001959126096	3	0
707.3923089331622	35.17694627901648	1	0.6665174359026992	3	0
657.9066281563228	35.90720649639911	2	0.9424821540902939	2	0
962.190137273103	20.998186719059543	0	0.6916421198211007	1	0
989.1311112147013	17.258944649707257	0	0.7467504960772041	3	0
163.42561368086234	18.438821860276327	0	0.6416523812124653	2	1
624.4576604770597	47.419529495594716	1	0.8933847516785637	2	0
976.2038819999309	2.8851319963866766	0	0.6987240784495459	1	0
804.3907620121228	41.750480317755084	4	0.7568055232721622	2	0
1299.0857776636512	28.19774420290249	3	0.6266785850298306	3	0
1022.171084266523	21.614924701910752	1	0.993829796170626	1	0
328.10819791400155	35.087110039511415	2	0.6457478704618614	3	0
198.7962463606018	23.873440246961035	2	0.8853712654527759	3	0
999.3869894888419	42.050892189838045	3	0.7137478251783795	3	0
137.11583475827052	43.33298760852915	1	0.6031087025420699	2	0
920.0858137828486	20.820883563052405	0	0.8998593819824305	2	0
1416.3223379949407	14.010906470047424	0	0.6668033945145215	3	0
905.6638490262305	28.840465443888025	4	0.9325966736989055	3	0
643.4378966891306	43.88107724398448	4	0.9576285924589115	1	0
1000.6035058192945	10.901122883266329	0	0.929911917695638	1	0
741.5540466881233	30.27942942748369	2	0.5175039574034028	2	0
863.8635050423089	30.683330344348466	2	0.8936866725025527	2	0
1418.0507322871351	35.456312053518204	4	0.7056697332495719	1	0
640.5436929210839	7.18368120098121	3	0.9368614600911125	3	0
1445.66678935348	34.64377334005816	0	0.8189771313423694	2	0
1367.4908987384892	43.724528471285126	4	0.9168215670719793	3	0
374.107588705015	9.445106116901373	4	0.7497158849334177	1	0
197.10582122523164	12.16453627142225	0	0.7675127522994665	2	1
241.0892019283973	46.65556941995706	0	0.5721938160668336	2	0
125.51055591216962	9.50591677734602	2	0.8919936793446777	1	0
232.22014505829975	41.15609938837022	3	0.7096948058334858	2	0
1056.2094827828996	24.137059253057636	3	0.7500400591357913	1	0
199.6641078443206	12.619860496949322	0	0.8925488570478538	2	0
546.5658824112659	41.92524535980804	1	0.7994227000397195	1	0
1282.8254353572363	21.929346985125278	4	0.6005493637213337	2	0
132.5807100301562	25.196415634695438	4	0.7951163295754464	3	0
1240.25587562451	17.883968361788988	0	0.7038164289898279	3	0
494.5966846827599	28.86869001744159	1	0.7347627710219313	3	0
265.43075867031877	8.68562201149607	2	0.5141556372013338	2	0
1075.432031509811	19.380832222632755	0	0.6050146747581409	2	0
980.5199854918376	46.56237914975851	0	0.6405190406905141	3	0
1328.4608189378741	13.132271336952995	4	0.8564800039294029	3	0
1129.0994613254402	31.866623233440734	0	0.5057462366490577	1	0
1224.873302538788	16.28393301856066	0	0.704388630614566	1	0
494.84840159982906	37.35323690727023	0	0.9620134352128664	1	0
348.41536129161193	7.151062053762442	4	0.555940308274562	3	0
1150.8606522972016	46.5815891186916	2	0.7582121941093055	3	0
1229.5686349741695	22.328108445031045	2	0.8932611911954236	3	0
1486.7071988009427	12.094371777283806	0	0.9712656537600584	1	0
677.6647476759971	4.454347124510595	4	0.873388319766859	2	0
620.8253201098964	8.978621539114414	2	0.860282774322203	3	0
1186.9781450387957	25.42937558213283	2	0.9132440450978812	2	0
577.124956354225	16.839149292270456	2	0.7231006104887718	2	0
1403.0602558449907	39.957518196482646	4	0.9029222663089165	2	0
1301.7778525802166	21.25171361210488	4	0.5039822023727256	1	0
700.5916383250257	12.689570811618605	0	0.9622805276884024	2	0
1151.2194949080963	30.005814370389412	3	0.7216532547585877	3	0
1156.3600237185553	34.21852919361595	2	0.7766900939328738	1	0
244.37341637030565	8.850969671344643	3	0.6274411244574412	3	0
1363.5740693513933	8.87810316555093	4	0.8712654164202107	3	0
807.353321427	2.72355706587652	4	0.5383179032376244	1	0
1257.0404525508384	35.610894708085105	4	0.9363179012734176	3	0
548.0694414428565	32.198812798224836	3	0.9140584145031714	3	0
1353.7325198946808	23.307651160241253	4	0.6080300581223832	1	0
644.8823502278284	40.67601110155226	0	0.9046621991426311	3	0
115.17271207241771	38.8664971886525	4	0.8931788665307407	2	0
1367.534766986969	28.51165512664735	1	0.8161082988769746	3	0
227.80134750058699	41.808750184123156	3	0.6867600884498437	2	0
547.0390926265809	10.674536871728108	1	0.6357493770909339	3	1
1430.0867538711268	6.26022211169321	4	0.615891795144675	1	0
1430.8500057125786	13.678231741298513	0	0.6593044813818036	1	0
902.8130433726005	3.683082236197798	2	0.9517792217162652	3	0
984.572097037719	25.964967816048503	4	0.5388203879943907	1	0
727.8237307696477	45.02046753786319	0	0.9144356381264793	3	0
510.4950803772903	2.8491464114199534	3	0.6744450375209118	1	0
560.1303635178824	6.7391659584712595	1	0.760799698005679	2	0
1041.5258385078537	22.253354329321457	1	0.8972428168242453	3	0
1153.324341212752	44.89212582381153	1	0.9421882735114857	2	0
1208.2106612161879	15.859336933907274	3	0.6723907100363236	2	0
1205.4653999123755	24.840036008354446	0	0.7309217406375552	3	0
227.6885442681665	2.9539243753684286	3	0.7072580324083961	2	0
792.188426583614	7.972130445218177	1	0.5066255167519553	3	1
180.582264023302	47.371615779065806	4	0.6479714444293283	2	0
869.3404352532298	46.36057873249414	2	0.7295946168662809	3	0
718.1427019227278	1.232179103917252	3	0.7055468044402199	3	0
1342.7858558616197	45.73515391489223	3	0.8609646137578397	1	0
591.2810175729102	31.038637077328517	0	0.6924018086105517	3	0
263.8938229986482	41.79215984244104	0	0.7446882244853351	3	0
300.1883548739702	22.372773214791376	3	0.7148042960661817	2	0
1166.1148844044612	25.233013343224762	1	0.8703130744471852	3	0
965.5052886427654	23.97578927207525	2	0.9314861994934813	1	0
241.57174657190635	32.342620104666906	0	0.7659445395037571	2	0
217.7495285609964	7.563608973546707	1	0.8947160970975956	2	0
1081.3567840427681	2.408758724015864	4	0.6483933410099253	1	0
201.86820890987093	15.472707254785973	0	0.7706848050786343	2	0
1250.6040830064987	34.119995848622395	1	0.6726149768349863	2	0
1088.7391180190948	10.487112249778573	1	0.7071004627859152	2	0
213.88829289865967	32.65132436627111	2	0.8662069324063343	2	0
218.77279971926868	46.58586616704171	2	0.9408312411663564	1	0
1481.2954099016456	5.413333642102664	4	0.5607476955438827	1	0
623.9791140585685	32.612299556580936	1	0.8173196282436903	2	0
618.8990058936473	21.856260307314844	1	0.7910719037888992	2	0
1237.9193941605035	41.80268595574275	2	0.559207519587966	1	0
1426.1480083374022	9.326040104027138	0	0.6059471652200545	1	0
1480.4014893520193	33.55341975462973	0	0.6555012473663402	1	0
1154.7294593625184	40.39141861346118	3	0.5834655354087508	2	0
626.763419743282	45.39686831527909	2	0.621864741262171	2	0
216.90100337813627	33.112657329613356	3	0.6338003994308538	3	0
1188.0056822984116	24.367213908396085	2	0.6678369165195298	1	0
881.765949630127	30.03882028945705	4	0.8746952264005795	2	0
693.9108129457668	41.83853427049976	1	0.7859561019253003	1	0
1368.8961391326304	27.818658092024997	4	0.9931233359757008	2	0
255.67647522861188	2.4281918057513323	2	0.7073679134837355	1	0
789.6751460072028	44.75458868882796	1	0.8769325369184625	2	0
115.89510267438669	33.407757298483375	0	0.9357342106882669	3	0
756.1248987917768	32.796129131530584	0	0.8394892465190209	3	0
178.82458595457229	11.136732162692708	3	0.705932370208748	1	0
266.3450827753007	31.967617100934888	2	0.8767973153728765	2	0
264.53674548794686	19.511627065745447	2	0.6018335688863424	2	0
1008.894422962489	31.607949920950126	0	0.6637760825900663	1	0
1144.4628309715927	6.009872424475564	4	0.7733426275496444	2	0
916.7162711360235	31.918729316342695	1	0.7877046936430742	1	0
1447.0415678643587	47.972445111221326	4	0.5110707377363147	2	0
624.8188113331856	3.2659658264461333	4	0.9725570943780044	1	0
499.99692079460505	46.927186658401915	0	0.848313635608695	2	0
1316.0387794652445	20.12467415397492	0	0.7478518751159455	1	0
413.03417392723367	41.92541216585118	0	0.9665636172041542	2	0
1448.5115552168559	37.77211775073885	3	0.7195477826254142	3	0
117.01626456574289	27.649764266373385	4	0.9902177851351859	2	0
1457.8303573906946	35.70711283481235	2	0.7561423786217425	1	0
160.42387673080657	42.29023138116335	1	0.5571428849989897	3	0
1347.6003591772994	19.99459511759855	3	0.8824004862296386	2	0
838.7815527208198	16.370558593472218	2	0.8394488625389203	3	0
1490.1507145670205	32.37688912148848	4	0.8864933606527934	2	0
203.3151906295584	38.96875927123915	0	0.9757210143628405	3	0
875.3959981618491	36.82740133450094	4	0.8882446513255091	1	0
1457.0235498667384	38.49724149635582	1	0.8056683011083234	2	0
832.3369818382083	21.47241579620785	3	0.9286544511804204	2	0
981.1580933893675	39.43820816022602	3	0.8366232196772658	1	0
1074.048164578464	6.649825602418597	1	0.7040595284129616	3	0
736.3574906748826	26.590987604159928	2	0.9428098821208866	1	0
978.5813121176889	1.2706570434117137	2	0.6109502303921864	1	0
918.0400366923403	16.255534005312704	3	0.857320637454362	3	0
1361.6212146873845	18.223692138955702	3	0.9407817274703785	1	0
163.62493247804102	19.620116505635004	0	0.8656582598516481	2	0
493.3484654291224	33.686958714423525	2	0.8486377095269284	2	0
1430.5760777071823	19.26223075970625	1	0.876319147035918	2	0
1346.3692974472829	22.08860026325894	2	0.7325276241503222	1	0
737.9194538999981	12.16457415109339	0	0.9370853410785129	2	0
968.1856369221514	18.542834206578984	3	0.6017182375680457	2	0
488.3336561735857	11.68167248136812	3	0.5636932080001696	2	0
363.36962361326584	4.440208417116851	0	0.6427543900592558	2	1
749.177766915975	29.36208388892476	1	0.7657886983874966	2	0
594.6931192364739	32.40600153208577	3	0.755280897704669	2	0
917.1185565912209	30.11604626245188	4	0.9102993788382934	1	0
208.82849175097877	22.7842200586269	3	0.7022843282020087	2	0
1464.152730732633	18.8499316684238	4	0.7421722131457543	2	0
1480.695042271444	41.576681529875785	0	0.5066838416296978	3	0
1077.4263996276431	25.39684390140225	0	0.7048696182214695	1	0
850.5349128817685	23.521548248597355	3	0.8238871164751711	1	0
533.3386628008589	2.205177092902477	2	0.5077541653132961	1	0
1239.313027589728	17.03864789842935	4	0.6404409825931219	1	0
1058.623641575431	18.86919408293528	1	0.603978179644695	2	0
327.66371508284783	19.744670702154323	3	0.5209927144547941	2	0
1375.2980582913794	28.268101353684617	1	0.7396300449572688	3	0
1251.5521400924365	26.07931969616329	3	0.5908616466140783	3	0
1429.7198786086938	29.571539361291897	2	0.8715407698156901	1	0
1116.0073117437041	36.94951329248003	2	0.9239639418816743	3	0
958.7812743101058	39.21032971965639	2	0.7727925913345739	3	0
685.5402508068664	34.751784582645236	2	0.9908536712605708	1	0
1405.8198766956186	45.90961370988193	0	0.7252392857352976	1	0
1312.4894453005718	1.8569313857889966	0	0.7566841051124578	3	0
163.30613814866518	10.201565327126666	4	0.994608876978875	2	0
136.9137642961528	1.3554551239726798	1	0.6157742179825244	3	1
627.0487136292694	31.43131156526634	3	0.9712729698384526	3	0
1234.774663094566	43.207435800649385	3	0.5214187775595567	2	0
1482.1865810409222	12.443667939086065	0	0.7231934451315973	2	0
310.5836475449395	44.57062360542641	3	0.5350017560665329	1	0
931.7830014929892	3.83256734360936	0	0.8646173714568215	1	0
633.2471992834301	44.91849325985917	4	0.8042044679400089	3	0
1457.8801569404445	17.52626630026282	1	0.8533171317337982	2	0
1278.9664923899923	5.766778937113176	4	0.6872401999840085	1	0
1273.660186595593	23.835972681757305	2	0.6847409670156901	3	0
756.1704237129584	13.068498682863874	2	0.5226596394804472	2	0
680.7473032727313	14.389026392210374	2	0.6749724697648198	3	0
482.7699007029887	15.442628351535468	4	0.9646442011310297	1	0
178.92569531129794	38.74221719813518	3	0.6896132685902245	1	0
1310.6113267570745	26.34058000373696	1	0.915683853110985	2	0
1238.0614127821086	15.631461860332172	2	0.921162752374967	3	0
1499.6047426005828	29.685687815613164	2	0.6866205781896169	2	0
1495.2915719034675	34.6590816884901	2	0.8159943401980945	1	0
877.6043878436784	13.813328034476086	1	0.5476858011365293	1	0
1176.5823812527146	20.43680777169152	2	0.5518392903671383	3	0
1422.6720218353992	6.728646386836535	1	0.5243288318308567	3	0
1289.506346948376	9.514019428129975	2	0.7905075466875547	3	0
446.2873424404767	33.01253913635419	4	0.7130354888130486	2	0
730.761789434131	9.527602341694466	4	0.77401617833212	3	0
280.823181212093	25.682679032351828	1	0.7605365952541939	3	0
1435.6714381622114	34.32517430095434	4	0.6751014955453651	1	0
948.6444882312321	6.023215385452961	1	0.8387367074117364	1	0
420.0999277048478	27.663674322558467	4	0.8792509404581954	3	0
1040.3809581681994	13.058450833964097	4	0.5073141294388379	3	0
965.3795366410542	46.25756313616625	1	0.6036211498844392	1	0
601.4278052459767	23.726645395836464	3	0.8566179340416684	3	0
258.98062907948065	38.881649839432434	4	0.693310086316917	2	0
1040.2024738299194	26.8606474813443	2	0.8312419734708041	2	0
828.4307812653107	3.040389044176501	3	0.6734813298672793	2	0
1181.245748429895	30.75811465291905	1	0.6953775761648185	3	0
828.2289015567908	45.71595708371288	3	0.5793394368448425	1	0
1293.0541004459562	29.275755546877566	0	0.6291155098330801	3	0
872.6695742842797	39.50187639305914	0	0.8027058787537936	3	0
885.3131601495407	42.55770377737517	4	0.7165815556575832	1	0
1327.315043721683	11.719749281599826	4	0.8871513414722976	1	0
664.8760126973558	10.966107475686652	2	0.9262924774691714	1	0
287.62131983089705	29.71610647599661	3	0.77082320910838	2	0
140.29574683867457	20.318338080915122	0	0.8791336460280296	3	1
1157.1921579430666	40.47348123473586	4	0.653452256597285	1	0
968.4333718948506	43.301086799706525	3	0.7074856077000391	3	0
1085.711675338913	17.610804827227753	4	0.8563888381084155	2	0
398.149826112475	12.132916271800656	4	0.6931059964085153	2	0
290.9200658214777	37.6846992164615	0	0.7942524675794944	1	0
120.3625319350347	13.915883670762396	0	0.5926863895412557	1	0
590.8225823292357	39.662872970142885	4	0.799885657485249	3	0
925.8847615964863	20.91569792149185	1	0.9307568536134467	1	0
649.1416631396253	32.37484526669911	4	0.9343198199117129	3	0
712.4648908332207	5.490159750229404	4	0.8621722031647698	1	0
1365.8221722912479	30.321388259798933	2	0.8728766895380631	3	0
587.5576538326204	22.233080900649767	2	0.7789637225753503	3	0
819.5852848237352	28.570597769247282	2	0.7923340450829124	3	0
1197.1142178376003	8.89666776400858	1	0.566825290705259	3	0
655.1598952497782	35.63306601237656	1	0.7219295942106505	2	0
970.9213803190229	41.55146264453174	4	0.7253881419431819	3	0
1307.3091922454432	11.186770604266455	2	0.9792489178338701	1	0
1429.328873120699	5.498584109447601	1	0.7155434313116447	2	0
305.90287330065314	2.1110135441778106	0	0.7746713224513788	2	1
1397.2226752260922	31.172660520833503	4	0.7666256996395513	3	0
788.9628103113535	29.533419696172697	3	0.8183808585221636	2	0
461.5421436185417	26.69477839756129	4	0.874116415665948	3	0
742.7900587335658	11.901513517450844	3	0.6125209380854361	1	0
1472.045605399668	19.37258180755919	2	0.7643622095492179	3	0
789.6653315900174	28.940387753750134	3	0.9129588536580152	2	0
560.2522544025114	24.348042366380962	2	0.7315573569187557	1	0
986.761196043416	47.425919450099705	0	0.6392287731867865	3	0
436.2038662894703	7.4126683701664575	3	0.8273545376781495	1	0
206.20865935212947	33.67179404023691	4	0.9118836978995615	1	0
280.43161067490894	20.00298210090173	2	0.5315701464636957	2	0
279.2641745408814	21.125381901503893	4	0.8883952417036136	1	0
312.6637709172121	34.727094985934286	1	0.9108239664808856	2	0
294.3580417091742	33.544499112245376	2	0.7307614637943034	1	0
997.2246427245004	47.58903170400285	3	0.9916528284092336	3	0
354.63211815880277	7.034531604343886	2	0.8933541703536545	1	0
583.9341966534084	5.893153521055818	4	0.8868312824478328	3	0
1355.5037738684166	35.04392440505083	0	0.873919287206036	3	0
763.5462963680213	28.184185099301228	2	0.575304051609137	1	0
1034.580833929438	13.885551328310875	3	0.6086154432265054	3	0
341.2478196822818	4.73271034248237	1	0.7319950657322125	1	0
369.20462633213907	5.0259377310322355	0	0.6320021749797329	1	0
157.2160627730704	43.02697110921356	1	0.7076204861670202	3	0
336.5090883010304	10.017764261780917	2	0.9442320549614603	3	0
490.02647464474205	16.198463419429476	4	0.9121634459396346	2	0
347.8146779874455	11.652850904668437	4	0.815019939239991	3	0
224.18354725987786	17.684826374101053	3	0.9290601971255518	2	0
268.89021954084114	4.262920609066388	4	0.8918861945086246	3	0
745.0902752458161	25.39581017268871	0	0.7144924659204452	1	0
388.8672057681095	4.1777904888341	4	0.6005325760249726	3	0
609.9778054673056	38.616755867650994	3	0.7571005200046697	1	0
804.7841791967996	11.984467849790352	2	0.8681144412642751	1	0
1066.5527600811115	26.380559986412	2	0.7182097993647965	1	0
155.0369957775385	42.36371711538854	4	0.8333859548919487	2	0
1219.1745584726598	31.591236345218125	1	0.5471637131455218	3	0
979.0605452872709	26.04901596791276	2	0.8740023681857017	1	0
214.46264472842068	16.243686396422653	4	0.906356809946531	1	0
1323.0100737494881	16.651089913735305	3	0.8534189278902706	2	0
1389.2213607445385	32.465886894314934	4	0.9836317937631828	3	0
185.50914379680927	47.72454997739487	2	0.9133260287303202	3	0
487.6287074060852	32.106441922920794	3	0.9515468639382691	2	0
1228.6817917102858	27.21582061639117	4	0.966785541728824	2	0
1147.5635665371217	35.34057398124457	0	0.9006739959369043	3	0
358.32942709892825	22.86466377733475	3	0.8371294210032496	2	0
393.0890526713944	3.8266901022369053	0	0.5028592906803946	3	1
618.6609439079348	27.42795034626176	1	0.7329128766115623	3	0
778.3321792674299	46.00838837175287	3	0.7855811493111805	1	0
965.5566801424143	9.239238290810004	0	0.6520151362239999	1	0
616.4790953976814	33.43022986857129	2	0.659052223451736	3	0
747.548602586407	10.443883366975655	2	0.9805797078550826	3	0
1146.459313387259	26.18390117023482	1	0.945855432601373	3	0
151.35648404683707	5.543793133395822	3	0.9245895027508522	3	0
453.4117220816291	22.1674340041347	3	0.7030059008530554	3	0
1098.6894202383733	36.53967645807656	3	0.5068492752044573	3	0
1353.2895727620792	17.335861639232157	1	0.540111123227857	2	0
816.3484189619326	32.25085105089924	3	0.6560981841088018	3	0
844.9588793714419	38.38614815711727	2	0.5078714564978385	2	0
250.04081587568646	44.577357515534274	0	0.5085748909575991	2	0
726.3773135528365	12.028177847206317	2	0.9583016508212054	3	0
845.6641730370325	19.767848043037482	2	0.8530792510595271	3	0
439.4587050886215	8.163552626529619	0	0.6544779950340763	2	1
476.9405233291333	47.64672460144364	2	0.5663222888004766	2	0
628.1978283464717	44.56904549244188	1	0.7558178589475386	3	0
128.09967688881693	26.3779851231863	0	0.5026730804271822	3	1
550.9108318164497	40.5755648356918	2	0.9692068719290721	2	0
396.0272097951625	25.485024931785983	4	0.7074075596944736	2	0
558.4962930490806	30.308527336129707	2	0.7011674776186664	2	0
267.6669845469517	5.188848309452781	1	0.6952968037908911	1	0
1346.7381930358529	36.497709763349974	3	0.5346641651938824	2	0
931.0294349756681	7.002533730856037	2	0.8191611198959132	1	0
1050.7432468022853	39.82517862186884	3	0.8665018098141767	3	0
1204.8397340502736	37.75532012050814	4	0.8380626987941451	3	0
797.8190785006802	34.311000793919895	2	0.5692177466646972	2	0
221.68840332239319	2.6995378846638194	0	0.7894200840177963	3	1
851.9491585459668	15.247032729430444	3	0.784742242086127	3	0
921.5775652292308	13.366290785809614	4	0.934205393970691	3	0
1143.615263858062	17.926411151161396	0	0.6895638291878234	3	0
704.3233647215511	5.119209097900411	0	0.6857429718297171	1	0
278.61242391378926	45.037017682459954	0	0.8092635293590928	1	0
497.28626811821425	27.028705313481684	0	0.8165363267497565	2	0
608.3152149580892	15.359642600927106	2	0.7346426136628952	2	0
1004.2841378642418	19.65813130249132	2	0.7215296811652105	2	0
899.0896265364767	22.018519403727275	2	0.7470738353189413	3	0
598.5354162569847	29.227933667949014	4	0.9305226497516559	3	0
1481.1213483101715	25.236933101735396	4	0.7305834506269551	1	0
948.084747099642	44.21142274107761	4	0.9699658959849112	1	0
432.11750843039226	24.357283696574022	1	0.7520018817981631	2	0
242.49546166856524	47.6314266966957	4	0.9746003465904457	1	0
314.0027948580648	41.0169730140195	2	0.9164159509345379	1	0
444.3408197383114	10.799994174794783	2	0.6812156613079146	1	0
324.95392256337794	44.737975088264065	1	0.9318207106483081	1	0
361.1938336718281	6.4692207006173765	1	0.5550316421005577	1	0
499.13323617138593	39.420136299086	4	0.9625235876715073	2	0
342.7230334126567	18.889294793399262	3	0.8158217575414458	2	0
1355.4715944769953	42.264793060918265	1	0.5271953742611556	1	0
212.3272439262991	41.79866443505016	0	0.8221283618254058	2	0
834.3159453983566	38.878493805528194	2	0.9871238270723781	3	0
674.5555577855262	38.13143050643188	0	0.5349003273073145	1	0
1475.330063672049	15.319919537607916	2	0.7773438548900431	3	0
256.8544630352733	4.803206303408852	2	0.8738971748796862	2	0
656.9978386640383	19.940068401962588	1	0.9051292933497657	2	0
1457.2586065855164	9.155652204365907	1	0.7069137326603979	3	0
1311.7099762515725	33.6627011784157	0	0.6020832795841216	2	0
1243.900899328992	17.26668714727592	2	0.521171139386192	1	0
461.06395786291574	46.853679440416	0	0.7898630785486124	3	0
339.24262234609216	31.125687635230605	3	0.7264555351338053	1	0
1036.1005078942035	39.656586490814966	0	0.9743721975748555	3	0
1401.1263847786201	7.228659618866876	4	0.5303024538574549	2	0
879.4680502195017	41.51468066681326	0	0.8426976717230028	3	0
900.2577652578598	44.369587954129535	4	0.5124831110600285	3	0
491.97073112439784	23.891910184489987	4	0.5857170883552714	1	0
1177.2901064687117	29.49388807429594	4	0.7267894999614171	2	0
361.8612479805327	36.946060642440784	3	0.727436221401434	1	0
553.1509309659411	9.21741548123939	0	0.842850271466822	2	0
695.6110140629835	24.620605593781793	0	0.9551065174338783	1	0
810.654530158237	19.737162305298718	3	0.8195160794574604	3	0
439.37362538111233	7.8795776316257085	2	0.9767675489257543	1	0
260.771554634885	18.274117847701977	1	0.9408078199389989	2	0
954.8680594182856	4.2040985411181975	0	0.7922498977653951	2	0
504.0827745363581	2.213159626625888	1	0.9168959754594137	3	1
913.7335099916572	7.35281559027667	3	0.821288805161817	2	0
316.10780138388327	46.26641024469117	2	0.5392789154618636	1	0
773.5961425967445	26.827888187065795	2	0.870282361629755	3	0
845.6252055722202	46.39364157420134	2	0.5474542206336731	2	0
172.55295155139765	21.3274002815162	3	0.7970413902848562	2	0
571.2459894714889	15.6553582550072	4	0.8513201029291144	1	0
288.18054771456394	24.78866755349147	4	0.5332638041054276	1	0
188.72495866187484	21.657049365746776	1	0.6153973269632659	3	1
1485.9443253459233	5.966240160301964	4	0.9578361161308249	2	0
551.2953829646121	31.118836790439694	4	0.8081572461164481	1	0
1233.8242241964888	11.153794577951182	2	0.6231430094052658	3	0
456.4969166692694	30.12063388019799	2	0.8453398855740033	2	0
1054.103811113501	31.55945134271321	1	0.7983882099808448	2	0
1164.3190038455612	8.145168097046461	0	0.7507878499589742	3	0
933.894236850982	3.8834324742014035	1	0.9880934874940419	3	0
760.2066639702217	37.69579454521667	1	0.8417268887037545	1	0
676.577279806176	22.610619917158047	3	0.6877205548339563	2	0
588.4155731601934	3.7336983887573623	3	0.9000367160384339	2	0
1401.3408019469562	47.75871690697905	1	0.9422916464605939	2	0
1262.8671709028208	3.7156863668292317	1	0.5626102797584157	3	0
1451.0376749331176	33.666655756352	1	0.6002764889226333	1	0
274.01611287976266	47.23290948738044	4	0.6081135045638899	2	0
1123.214465285102	12.241464898148504	3	0.8456059046932702	3	0
1413.676639549453	7.6857203282982205	1	0.8015197775266416	2	0
353.72629263192425	6.705092152854158	2	0.8094957823492941	1	0
193.0947743134885	15.253931935676992	2	0.9703866498447504	2	0
1137.5689090060828	5.749153117500395	4	0.887955766403653	1	0
904.2623584518767	33.5315830596242	4	0.5639684622558916	1	0
1278.5602874615809	3.9277145121129466	0	0.6737535412125906	2	0
295.6813272768053	24.942840023040116	0	0.7176968230878678	2	0
1213.3742366038462	47.84475213108991	0	0.6979807943738024	1	0
382.27824806684237	39.25660266678288	4	0.8346543045809396	3	0
329.11832001198627	29.915313596857512	4	0.9459465516282812	1	0
329.97211710339013	15.393920176970749	4	0.653025731761394	2	0
1240.404608323935	30.32310430570701	2	0.7759385682105928	2	0
1031.27610897468	25.770948803847627	4	0.8947047109567928	3	0
832.2915946767671	21.02591904284746	2	0.7081090294226746	1	0
602.3626777729035	7.143387706789375	0	0.5840590641996479	1	0
1328.0807571383516	42.67039811630194	0	0.7374754826318741	1	0
649.4231503916895	22.139878494602158	0	0.5276112603715142	2	0
1243.2392152602079	10.147258055575959	1	0.9711917270011384	1	0
714.7888719983058	18.284689491232612	1	0.5374106025974865	3	0
627.7222011948706	20.46409836885957	3	0.7192283576252891	2	0
747.751699937449	39.894281091643094	3	0.7649406305442631	2	0
521.9290238297989	35.4798758863859	3	0.9926519161436427	1	0
1146.6531322467515	37.157330001142974	1	0.5830109118214304	3	0
803.8085461294709	1.518469428146419	1	0.5572157593061793	2	0
425.09777320554423	20.55923791444879	3	0.5043530735312718	2	0
1359.404402584396	23.62317512686021	3	0.5777857184346511	1	0
637.447709922496	1.9020370106836642	4	0.6036364895338338	1	0
860.974005559584	13.211220811016608	3	0.8152904707915462	3	0
1369.0609553503657	36.73362168674034	4	0.6098533951957001	1	0
973.933194279589	7.444156169262955	2	0.5102604073646626	3	0
263.6572569917097	26.15957617827181	1	0.9133091727512443	2	0
1415.7649730588653	11.114487984810163	3	0.6827978505019834	3	0
978.791274299985	1.5696764082629837	1	0.6768483432903669	3	0
568.8678605199206	12.33646850717845	1	0.6512395145839633	3	1
294.9809017287422	46.86606648077253	1	0.9876866385732104	2	0
1211.6352649784144	38.67224425850051	2	0.5850577086546407	1	0
968.101858299919	46.10010228308857	0	0.9491190319766176	2	0
846.8455287668502	23.929140064539034	3	0.888401666069944	1	0
1351.4496162713408	6.157601337842665	0	0.5382399777496565	3	0
1204.036095714343	26.75409598176357	0	0.9933645507504243	3	0
312.3448316258516	22.35573472431816	0	0.6356829817695053	3	1
536.4108949137676	40.68478288876195	1	0.5492914635112062	3	0
447.88479574025206	5.609881296859496	4	0.9146571170628797	3	0
1141.5248096017478	23.947333440023574	1	0.85333776683885	1	0
146.94540863009115	8.052287240617261	1	0.8086094029389503	1	0
897.8455588198432	16.259768563832818	0	0.5779904318494666	3	1
1167.4421600369667	35.65578263722659	1	0.739248058127981	2	0
1327.4718914664493	23.372852080332027	0	0.8902780134436069	2	0
578.9144482022705	18.66674940185116	4	0.6518119690719202	3	0
1249.760226540818	19.54038509279166	3	0.6558449142575207	1	0
254.88443173729013	22.593998115081373	0	0.501570453024061	2	1
1285.0332084283255	37.89577756034167	4	0.5871217008226898	2	0
278.4841272647754	42.927980380191016	3	0.9377028125609171	2	0
656.2022067845141	45.90073026568463	2	0.7208732458188536	3	0
1216.2135120913752	37.98445915399887	0	0.992117249617217	2	0
309.88439828828325	15.824124100156599	0	0.6978539817868963	2	0
420.95195332569807	33.34233118606748	2	0.8575932273901206	2	0
1111.1535957502929	21.56734683060342	2	0.6409595214523646	2	0
1108.051151164504	12.969519236164405	0	0.6819048205704668	1	0
997.6066860394162	40.52096423301836	2	0.5953629937954473	3	0
1071.52782225394	2.8060384012292747	1	0.6735311842496975	3	0
859.8142206866346	43.38281363036491	3	0.7736187602103215	1	0
452.51868246973385	22.689440837362504	3	0.9958864404896247	1	0
583.9743909054872	30.94846940998918	3	0.8321008565358928	3	0
354.23680352199597	31.98963434367179	1	0.599622977204157	2	0
1371.8307858670796	43.07053381320721	2	0.5224807207957756	2	0
916.7485126725686	30.923475061858746	4	0.5631782406572553	3	0
661.1919834690958	29.854878483722903	2	0.7812776006365236	2	0
746.8081251017858	4.132645906352428	0	0.8825801644083832	1	0
1426.1966754565415	25.36517703142459	3	0.9702096036503735	2	0
314.6919643625123	8.057943038400957	2	0.5079115859984105	2	0
920.7217648235161	35.659387129909824	4	0.7613800707809348	2	0
808.2441504382524	25.0744302781957	0	0.7354336781115884	3	0
956.035929608507	32.97070562279261	1	0.828027510987852	1	0
125.35425734917672	2.9586263283120604	1	0.779789427232671	2	1
1320.973472521812	4.9852247541527515	4	0.8435195752912403	3	0
1404.9655954770574	34.66719923894607	0	0.8290412923745951	2	0
891.1864570248925	4.387963791937648	3	0.5585058624289732	1	0
1075.311153427649	4.349066204967154	2	0.8998589568093598	2	0
1391.499133648214	1.5690983360397102	0	0.5616162878581624	1	0
1090.134088038758	45.95556572007556	1	0.8492653126045686	2	0
313.55466007996586	35.662892894573325	4	0.7080726838203033	1	0
906.8037042335385	17.602816199597015	4	0.756925367288299	2	0
949.4010649359983	14.937172320519796	2	0.9516490071878553	1	0
693.7829398233405	17.43605179805493	4	0.9449418632367432	2	0
1131.021929874612	37.40871596551555	4	0.9089281528275148	2	0
1408.113820676621	32.08441872030947	0	0.7550741902281617	3	0
1395.7959180694868	9.704191689770994	3	0.8681199050669166	3	0
731.1751199657849	9.183138760701965	2	0.7564485277594046	1	0
258.5332641770574	5.624595536529673	0	0.9348030412373887	2	0
1478.7776785472684	32.034227825962894	3	0.70138791661645	1	0
1274.4573210243077	36.92551512442159	0	0.9851176722074384	3	0
274.52775368457355	13.45718213127519	0	0.9661613791144388	1	0
1389.1786356643213	1.9844131684529023	4	0.8708013097258928	1	0
1317.8549068869795	4.862068371392086	3	0.639707942088036	3	0
826.373279976501	46.48942163771643	2	0.5658267943966292	2	0
927.785610042901	14.885904541438752	2	0.9273517250465988	1	0
658.6037854181824	37.15348794839228	3	0.5826511430689807	3	0
176.66629435084388	30.359187736150396	4	0.9271303944986679	2	0
569.2761383042613	18.951163063686106	1	0.7453825033561803	3	0
1223.994828037216	10.66730132319109	0	0.7032783919040522	1	0
106.484832206444	6.705161653492102	4	0.9515953894172146	2	0
566.8988403676019	29.90560949782673	3	0.801925491270139	2	0
657.4361710273206	37.40778768997603	0	0.7883070035648589	3	0
852.353844113092	31.26349991643314	2	0.7793829723121988	3	0
1387.7978629778647	25.92420026271044	1	0.6855847580097657	3	0
584.8843921123457	2.9717075012869043	2	0.8928215517645637	2	0
585.7344826547187	46.51897254693604	3	0.6263992220078864	2	0
1132.5017473536477	38.53956700776501	0	0.9694474800206375	1	0
733.1051172457301	14.762635724945342	3	0.9469926025234804	2	0
414.44675211597473	47.05860547986598	0	0.6687401628374491	1	0
733.4153225857708	29.28843471290714	4	0.8647318849158319	3	0
297.1998285317198	28.373864935740585	1	0.7866115972247958	3	0
346.94178110871263	36.15943943318801	4	0.6688246509996173	2	0
797.7148818352716	39.153180040236464	4	0.9942608239977233	3	0
686.495629306367	31.854494544580625	3	0.5126186729241321	3	0
1380.7842614953402	7.020500079211401	1	0.6263230153106434	2	0
607.3514587632864	16.898572781741425	0	0.7600370305555753	1	0
912.8236903892608	44.61993109532434	0	0.760976501739282	2	0
985.1700030873425	11.55693375666104	2	0.7944665374727821	1	0
118.33223922366709	18.491850120363125	0	0.8758380860114596	2	0
1028.952320823395	21.30761349837721	3	0.8117389152596481	2	0
349.25035361765197	21.652034515639254	4	0.8001407302640184	3	0
1445.4984444572372	29.8081603772427	4	0.5267572314565216	2	0
308.1278188543581	45.324564374001255	4	0.6882651438946492	2	0
680.4737732178332	12.312557456127733	1	0.616027869850578	1	0
219.48953531010142	6.710564686143149	0	0.6326850558009878	3	1
1495.6239525843264	10.281113023417054	3	0.7771687371701724	1	0
803.0730144637396	42.685470309835665	1	0.5997526574648042	1	0
933.5390242480613	31.353108194794682	2	0.6469745505084488	3	0
193.90706834379847	14.437619094240526	3	0.6185423542586701	3	0
1149.944658558849	39.34950613152501	3	0.9742514716090973	3	0
393.86783033382005	41.48438982908149	3	0.9723328660855476	2	0
1357.2760052169992	40.78617391844307	4	0.8049707792980259	3	0
387.19549667481004	44.18954708105906	3	0.96226123436595	3	0
366.9628089291332	12.855327948147995	0	0.8929063227341866	3	1
151.16953498733284	36.48697065107508	3	0.7949739414009044	1	0
760.893723153999	22.64535637188458	4	0.5032176057483979	1	0
890.777586567663	40.57393198583289	3	0.8862581430397021	2	0
191.99209519969332	35.23906182659582	2	0.8512441707942344	1	0
1185.7386633730148	37.493029985487055	2	0.807626826641207	2	0
734.6043686472386	31.839606371010362	4	0.8802121558412359	1	0
834.1463770586121	9.339152165076223	0	0.7564610823873829	3	1
717.0678457135194	26.616265188156103	0	0.8520416356606695	1	0
661.0682852254564	47.27947775765188	1	0.9675860433632466	2	0
883.496463831505	45.05723912536459	4	0.6879025079230432	1	0
317.33634430299753	3.0291655824595485	3	0.8540609174503127	3	0
354.69938269337956	8.746296339283544	4	0.7378439090054794	2	0
1306.4998694189242	7.19125235236441	1	0.8371998259069908	3	0
1424.5616469870859	35.12105576930889	4	0.8814466677771821	3	0
622.6330427916541	39.43591050327642	4	0.522726250217898	2	0
479.04254240097526	11.03503421660158	1	0.823300221974331	3	0
1001.5993605346221	24.77507656873596	0	0.6133705922034722	3	0
672.227839537335	40.5130423165264	3	0.8350162689037834	1	0
135.5408979244828	35.441672604013775	1	0.7341650929669068	3	0
318.6136363126665	26.48514865811687	2	0.8867763709324437	3	0
1102.3611203863566	28.746341451562326	0	0.5617004076027983	3	0
1022.4935186742119	24.89294570506516	2	0.8131611758280975	3	0
137.9343895048769	14.984777211984566	0	0.6392353644637762	2	1
410.7610267061292	27.556033664373757	3	0.9264909976652957	1	0
423.50471522329997	33.377609196354264	3	0.9641917528181537	3	0
1040.6498410382196	42.04617704545796	4	0.9981991468395277	3	0
127.59475285610982	30.905693637024658	2	0.8980037012136417	2	0
245.75201477840338	36.77271224102842	0	0.8768670352140022	3	0
1219.8825195224651	8.523366842864931	3	0.6077503794337755	2	0
349.96252687606705	22.693201297730123	1	0.6680035294950544	1	0
1013.8445509926246	1.438586131873385	3	0.7328412708811398	1	0
433.45589346541715	12.593906632516282	1	0.8866905238911249	3	0
239.21794986308322	35.14370061031123	0	0.9574829325389843	3	0
440.4410673992357	47.61506771342008	3	0.5945695500114923	3	0
1111.1737045979228	5.6613706805991475	3	0.9611837423350514	2	0
1297.9750553488	19.870232845480547	0	0.847812326177029	3	0
1262.3078103937883	38.6033355288605	3	0.8053853653425194	3	0
656.0569414658368	10.589674827558246	1	0.5999206356409698	1	0
1035.3191911989047	27.088992617207452	3	0.5277625164045753	3	0
386.97801358214934	35.45435091339471	2	0.78423244925397	1	0
510.4068223654186	29.951316162228416	4	0.8257578416644462	3	0
1354.8701459295676	9.837162526924558	1	0.6053907246773441	1	0
118.20269291503045	17.70307472822975	2	0.7782281029127283	3	0
219.7119431962553	37.83821387081367	0	0.9282467013812867	1	0
391.04075720443825	27.048646164204783	1	0.91753297272751	2	0
137.1450854233476	1.2457918365168985	4	0.9636775902931486	1	0
354.0096091257162	36.76656572132041	4	0.6829429047784402	1	0
916.258185357569	2.6596336821912363	0	0.6590247862754594	1	0
689.9943708294971	36.04948778836791	0	0.8747130029904043	3	0
1349.7403955077648	10.516586327766158	1	0.7155562025485025	3	0
1244.4209864338172	46.02945356561087	3	0.5437743320138904	3	0
578.5442923770263	18.29321531119797	0	0.6414005653352499	2	0
463.1928068038095	16.365785967889718	3	0.7092911427657446	2	0
631.5693714341737	7.9977383656249	2	0.646258212738126	1	0
926.4129195207308	15.3633981280401	4	0.6661027854736608	2	0
475.2890971520268	42.20258580592542	3	0.6468879530871954	1	0
973.8084709887876	47.82771386848062	4	0.5207495835915397	1	0
673.1763130677366	18.310547933821873	3	0.8185473504122213	1	0
872.8660531927724	22.0846996548635	2	0.7986462101767346	2	0
710.5771407894433	34.93733409552864	0	0.8266917492393403	3	0
512.2520633586847	42.6512016818585	2	0.5961549480168138	2	0
1427.8346297470193	28.873083706778853	0	0.6478272708062427	1	0
1169.048111823665	19.40170781435798	0	0.8098079634724611	1	0
296.1584460730336	20.393226519885317	4	0.7998137842299606	2	0
1315.8551662570778	33.694052885349926	2	0.7531651546771339	1	0
782.4036775493191	1.151258389401098	3	0.6752066250050988	1	0
1352.373117651728	30.120698860612514	2	0.956465502387345	2	0
1219.7973583262412	17.708171490743798	4	0.6698851211494219	2	0
695.2989062569268	38.32727457002296	0	0.7278095782186258	2	0
131.45703164816436	5.370560071687212	4	0.8390569154771044	1	0
476.1483031389245	28.645506546574353	1	0.771510715433382	1	0
858.2879005252137	23.605725824647816	1	0.6734429881821928	3	0
986.8695077566061	31.189299717545687	3	0.717822395228255	3	0
461.0427596064832	4.048118940699512	4	0.897240408926753	2	0
295.09850370195375	28.25923800912217	3	0.6390645777433062	3	0
1268.9023315190188	27.389775634097614	3	0.5711276198884077	1	0
1478.1630529849729	27.351024437560035	1	0.6565816009148886	3	0
835.9662552237602	29.363920330033377	3	0.9247671077439507	1	0
340.3510001876249	32.79399304963903	1	0.5444948574281734	2	0
481.23025712711654	38.83448298499618	0	0.9958480366862259	2	0
125.74694716645342	13.681573846026074	4	0.7705014494638313	1	0
1380.0183291846986	39.77732227846292	3	0.9924228719835471	3	0
264.8515160461976	24.41801706638232	1	0.9694982110429888	2	0
907.123065719955	4.621739119313565	2	0.7264068571054584	2	0
483.67730896208843	3.7518936744670226	3	0.5992455373026746	3	0
875.8492035221108	16.709200978714858	0	0.5824423882825692	3	1
1011.9885436926099	37.89015792423898	0	0.6199946819349788	1	0
1261.6385251900822	34.26100393282304	2	0.8550663202822686	3	0
388.9897804648445	38.064903339603106	1	0.636474997365744	3	0
115.39416012187267	25.31164565275564	3	0.6707126348021492	3	0
291.6398820963302	21.689352903908055	1	0.7243894019973074	1	0
1360.0260985873472	7.930268755195345	0	0.9566163402107282	1	0
1323.4461085875214	16.42505941963764	1	0.5946967089424231	2	0
936.3783430384316	21.398910210172136	0	0.5025132763049016	1	0
940.7236046071147	5.1642201949420095	1	0.5300482051890851	2	0
1031.0513443647578	11.36876177742693	2	0.952383170840059	3	0
345.51979007282944	29.116588820995723	4	0.8237582324216816	2	0
1380.1767242949436	35.576166369241925	2	0.6365203096639034	2	0
686.2787348489023	47.92233303546863	2	0.5885962505055955	3	0
636.3939395492964	44.85632657314721	4	0.6471333683185572	2	0
826.4847873959726	31.200564378154002	4	0.55739846362564	1	0
165.75235348507707	20.798658504821383	3	0.9707664551422206	1	0
332.7967162585112	30.90033614128694	3	0.8921030871826334	1	0
1133.2470629969187	37.925626049770905	2	0.7311955884562704	1	0
215.91813509517704	6.561800973399204	2	0.932481302557601	2	0
944.4129532529435	20.265529815725547	0	0.6247291021466161	2	0
443.48875355384934	40.47070742487401	0	0.8585602842360968	3	0
645.0138596587672	19.04014874085307	3	0.9280662495068717	2	0
504.17123147897985	27.877996747677766	3	0.6783843558116363	2	0
597.9418030509288	28.625159960523316	0	0.8787322227253589	2	0
1106.6642672579437	9.67038389728105	0	0.6475361746321546	3	0
515.9704018724451	18.025065757657554	1	0.6494285676295154	1	0
892.966496415656	16.72203057087081	1	0.553528589277093	2	0
766.4705630787396	2.2312453010070454	0	0.7200290232546993	3	1
1029.1396315077072	2.1370129028936966	1	0.8648559532487111	3	0
1411.561635054661	40.089761052761354	4	0.9701104027856424	3	0
1125.6009360943503	13.834328068722183	3	0.8018984959645481	1	0
400.9165300270595	25.349702013224327	3	0.9315677688678695	2	0
143.65638908579854	15.040101958672334	0	0.9112473246451136	3	1
467.1696620197551	45.21192452042101	2	0.5866715264876404	1	0
933.1091029803567	13.186947666691367	0	0.7429087144563158	3	0
171.9961388779505	21.19387019872995	1	0.5584617677626957	3	1
794.9127460817309	42.01832177277629	2	0.8410765807808175	3	0
935.5799884836449	40.570877639215006	1	0.974949834123038	3	0
567.9414471437451	9.746766638775034	4	0.5685447290393782	3	0
1179.2770852441506	38.72423556039839	1	0.8669415654012707	1	0
249.2375543872805	22.534783676680956	4	0.8161190754339305	2	0
205.19289443013227	23.699536988011694	4	0.7918025185040498	2	0
1119.4642586850446	7.273558703549358	1	0.6950601173441696	2	0
793.6878426886778	4.788271146584859	1	0.6775658238769062	2	0
1063.7633549988304	35.21314742776696	4	0.5226245945094439	1	0
708.7582740452447	24.33367416069909	2	0.6089543541260067	1	0
444.96284653474953	21.53198302291344	4	0.5075884411434135	1	0
1246.7432447438796	35.286886746662645	3	0.7907085527910103	3	0
1219.1822305565709	36.979106252582156	4	0.5529266179389545	3	0
1072.5750591961973	8.468683880459619	2	0.9365096970148581	3	0
481.0031921219478	29.68058202544914	3	0.7615715103485826	2	0
926.3229336167219	7.36164186705122	0	0.8498449545293543	3	0
605.3634557160375	36.314629043365144	0	0.7054285459202483	2	0
228.2149026572878	31.876892344555557	2	0.7802899045005243	3	0
1384.23900564714	45.96088719092253	4	0.9713295884833153	2	0
291.546083286546	4.241026768751795	1	0.5413670198118354	3	1
1430.3322953491233	3.681571894108953	2	0.6269688859618481	3	0
724.408082141138	14.262792510580407	3	0.8899941634552722	1	0
